l,I
350,200
351,0
352,62.81758
353,63.81035
354,41.47863
355,24.87883
356,13.56544
357,13.9743
358,17.70715
359,22.35789
360,18.08443
361,15.73535
362,13.81489
363,14.30411
364,14.16874
365,10.54682
366,12.43844
367,15.08314
368,11.45113
369,13.38903
370,11.96315
371,12.21488
372,14.11879
373,11.32623
374,12.45454
375,12.0916
376,12.27129
377,13.18893
378,11.48286
379,11.60531
380,10.25344
381,8.57237
382,9.96965
383,9.52333
384,9.07005
385,8.50044
386,8.09635
387,8.30243
388,8.38342
389,8.04645
390,8.28919
391,8.44901
392,8.14571
393,8.10479
394,7.11999
395,7.21041
396,6.99304
397,6.50447
398,6.39089
399,6.36588
400,5.64806
401,5.79439
402,5.69493
403,5.91455
404,5.43107
405,5.36295
406,5.78914
407,5.86339
408,5.80973
409,5.84822
410,5.73964
411,5.86908
412,5.99349
413,6.12116
414,6.05984
415,5.69473
416,5.62985
417,5.58279
418,5.4357
419,5.51085
420,5.37622
421,5.22936
422,5.14379
423,5.08314
424,5.18572
425,5.32427
426,5.20592
427,5.07332
428,5.00373
429,5.13943
430,5.11692
431,5.02767
432,5.12175
433,5.07489
434,5.00818
435,5.12606
436,5.23205
437,5.29448
438,5.24077
439,5.51643
440,5.91296
441,6.2763
442,6.98364
443,8.0514
444,9.38941
445,11.06566
446,13.12192
447,15.70696
448,18.53296
449,21.82493
450,25.44553
451,29.1476
452,33.09974
453,37.14527
454,41.09919
455,45.07682
456,48.79229
457,52.39295
458,55.93286
459,59.1941
460,62.11608
461,64.8837
462,67.08772
463,69.14496
464,70.83584
465,72.58319
466,74.01624
467,75.24291
468,76.62437
469,77.76855
470,78.62402
471,79.48804
472,80.38383
473,81.14348
474,81.76255
475,82.46715
476,83.09417
477,83.45726
478,83.8542
479,84.45924
480,84.87516
481,85.08293
482,85.63151
483,85.88796
484,86.07829
485,86.26086
486,86.56846
487,86.78425
488,86.968
489,87.16614
490,87.37234
491,87.47099
492,87.66169
493,87.89836
494,88.21718
495,88.31517
496,88.52002
497,88.53424
498,88.5474
499,88.68728
500,88.70541
501,88.85429
502,88.79774
503,88.6876
504,88.86844
505,88.93153
506,88.98894
507,88.97876
508,89.06292
509,89.07939
510,88.94468
511,88.83531
512,88.68128
513,88.63213
514,88.53992
515,88.41604
516,88.31697
517,88.16698
518,88.06112
519,88.05466
520,87.97619
521,87.83363
522,87.49031
523,87.13383
524,86.83873
525,86.46111
526,86.03532
527,85.29028
528,84.12869
529,82.98095
530,81.36414
531,79.08789
532,76.04508
533,71.86443
534,66.44349
535,59.5447
536,51.94944
537,44.1416
538,36.34299
539,29.08666
540,22.55233
541,17.00088
542,12.9579
543,10.74621
544,10.63901
545,12.31467
546,15.24065
547,19.06299
548,23.49186
549,28.28933
550,33.49535
551,38.65792
552,43.36983
553,47.33764
554,50.50444
555,52.94277
556,54.62412
557,55.78369
558,56.7251
559,57.25784
560,57.41118
561,57.42841
562,57.28973
563,57.14671
564,56.93082
565,56.53014
566,56.11385
567,55.48699
568,54.87066
569,54.22015
570,53.59282
571,52.90105
572,52.14707
573,51.23934
574,50.50968
575,49.66684
576,48.78829
577,47.82972
578,46.97736
579,45.97444
580,45.09641
581,44.11846
582,43.16098
583,42.09789
584,41.08018
585,40.07208
586,39.01159
587,37.95763
588,36.97474
589,35.92392
590,34.9273
591,33.93998
592,32.97698
593,32.04524
594,31.10431
595,30.19518
596,29.31379
597,28.38906
598,27.4918
599,26.5721
600,25.70527
601,24.87731
602,24.06079
603,23.2114
604,22.4442
605,21.6531
606,20.95143
607,20.25167
608,19.56386
609,18.87224
610,18.20716
611,17.56573
612,16.97874
613,16.38107
614,15.8183
615,15.20045
616,14.6083
617,14.03874
618,13.54261
619,13.02122
620,12.54907
621,12.10292
622,11.65753
623,11.19209
624,10.78509
625,10.39913
626,10.07243
627,9.71873
628,9.38326
629,9.03719
630,8.71155
631,8.43469
632,8.16773
633,7.91893
634,7.65809
635,7.40396
636,7.18164
637,7.01085
638,6.83711
639,6.65631
640,6.46726
641,6.31635
642,6.14526
643,5.99224
644,5.85682
645,5.72215
646,5.58602
647,5.45681
648,5.35535
649,5.25474
650,5.14727
651,5.06671
652,4.98621
653,4.90111
654,4.83115
655,4.75684
656,4.6906
657,4.60834
658,4.55118
659,4.49367
660,4.43371
661,4.38644
662,4.33847
663,4.28293
664,4.23746
665,4.19486
666,4.19453
667,4.17537
668,4.15667
669,4.15479
670,4.1431
671,4.14524
672,4.15031
673,4.13878
674,4.12202
675,4.09033
676,4.06461
677,4.05091
678,4.03719
679,4.01936
680,3.9862
681,3.96631
682,3.98275
683,3.99368
684,3.98303
685,3.98957
686,4.00757
687,4.00535
688,4.01075
689,4.01719
690,4.01917
691,4.00574
692,4.00208
693,4.00742
694,4.01865
695,3.99285
696,3.9934
697,3.99766
698,4.01165
699,4.01782
700,4.00858
701,4.01247
702,4.03046
703,4.0344
704,4.02259
705,4.03554
706,4.03442
707,4.03242
708,4.03214
709,4.03193
710,4.04082
711,4.01594
712,4.00637
713,4.02216
714,3.99879
715,3.99214
716,3.99334
717,4.00292
718,3.99269
719,3.99222
720,4.02623
721,4.03799
722,4.05941
723,4.07251
724,4.06943
725,4.08166
726,4.05976
727,4.07758
728,4.0743
729,4.05055
730,4.0379
731,4.05181
732,4.06296
733,4.08323
734,4.09536
735,4.12191
736,4.11471
737,4.1066
738,4.11677
739,4.10551
740,4.08584
741,4.06858
742,4.07084
743,4.02974
744,4.0378
745,4.04806
746,4.03636
747,4.01374
748,4.01199
749,3.99903
750,4.02596
751,4.02812
752,4.0482
753,4.01985
754,4.03053
755,4.04763
756,4.0647
757,4.09769
758,4.10788
759,4.08299
760,4.07301
761,4.07871
762,4.10448
763,4.12634
764,4.13831
765,4.1474
766,4.15236
767,4.16967
768,4.19702
769,4.19356
770,4.22262
771,4.21151
772,4.20481
773,4.21536
774,4.20643
775,4.19453
776,4.20243
777,4.19566
778,4.22453
779,4.20744
780,4.19278
781,4.20725
782,4.22965
783,4.27005
784,4.29573
785,4.32118
786,4.35246
787,4.362
788,4.36317
789,4.41092
790,4.40347
791,4.38805
792,4.37451
793,4.36519
794,4.39332
795,4.34324
796,4.33007
797,4.37823
798,4.3771
799,4.35097
800,4.33762
801,4.35433
802,4.38984
803,4.33079
804,4.41832
805,4.39572
806,4.38087
807,4.37723
808,4.39957
809,4.42354
810,4.41193
811,4.38798
812,4.42607
813,4.37137
814,4.37846
815,4.34953
816,4.3445
817,4.36045
818,4.36671
819,4.36529
820,4.35195
821,4.35311
822,4.34198
823,4.38392
824,4.38982
825,4.39662
826,4.38198
827,4.39817
828,4.41196
829,4.46596
830,4.42569
831,4.46703
832,4.47271
833,4.48266
834,4.54864
835,4.54328
836,4.48444
837,4.50604
838,4.51697
839,4.56736
840,4.54926
841,4.5211
842,4.5329
843,4.41837
844,4.48251
845,4.56461
846,4.5071
847,4.4444
848,4.42069
849,4.4632
850,4.45232
851,4.48657
852,4.56775
853,4.52783
854,4.4109
855,4.49947
856,4.53818
857,4.55978
858,4.44978
859,4.54838
860,4.52709
861,4.44481
862,4.39396
863,4.43505
864,4.37898
865,4.44389
866,4.42287
867,4.45582
868,4.3383
869,4.3487
870,4.38781
871,4.41447
872,4.47612
873,4.49072
874,4.33463
875,4.25044
876,4.23281
877,4.23986
878,4.29044
879,4.32647
880,4.42404
881,4.40804
882,4.34138
883,4.38647
884,4.48115
885,4.52178
886,4.55091
887,4.45828
888,4.40946
889,4.3191
890,4.33055
891,4.37554
892,4.41086
893,4.43796
894,4.43045
895,4.429
896,4.36949
897,4.42406
898,4.45868
899,4.40342
900,4.41572
901,4.33361
902,4.30137
903,4.29213
904,4.24804
905,4.23911
906,4.19935
907,4.23652
908,4.20814
909,4.10143
910,4.07294
911,3.98107
912,3.95823
913,4.00098
914,3.97297
915,3.98059
916,3.96112
917,3.94521
918,4.03221
919,4.14254
920,4.22781
921,4.18562
922,4.10538
923,4.19822
924,4.24934
925,4.14546
926,4.18635
927,4.13705
928,4.03411
929,4.00705
930,4.18027
931,4.22506
932,4.28806
933,4.16905
934,4.13884
935,4.09802
936,4.04129
937,4.06215
938,4.07408
939,3.84164
940,3.76546
941,3.76861
942,3.83655
943,4.1662
944,4.35614
945,4.59379
946,4.76931
947,4.56302
948,4.48363
949,4.46081
950,4.21156
951,4.25726
952,3.98402
953,3.85284
954,3.7309
955,3.57851
956,3.52586
957,3.55189
958,3.50746
959,3.57141
960,3.78269
961,4.01232
962,4.00122
963,4.09572
964,4.13676
965,4.17388
966,4.37299
967,4.54985
968,4.20826
969,3.79608
970,3.53576
971,3.61455
972,3.76658
973,3.82745
974,3.88389
975,3.83418
976,3.93197
977,4.24584
978,4.39712
979,4.37501
980,4.56557
981,4.10607
982,4.09018
983,4.31891
984,4.40669
985,4.2797
986,4.19632
987,4.31861
988,4.55435
989,4.24436
990,4.47076
991,4.30571
992,4.00869
993,3.79193
994,3.2893
995,3.25222
996,3.36764
997,3.30172
998,3.28594
999,3.37495
1000,3.3489
