l,I
350,200
351,0
352,151.9957
353,130.50225
354,150.17064
355,113.41881
356,108.89702
357,110.06394
358,96.78863
359,87.22894
360,76.94393
361,75.51373
362,69.65339
363,64.35713
364,61.62196
365,57.47455
366,57.4913
367,54.85078
368,52.3768
369,51.20517
370,50.80504
371,51.97481
372,55.60615
373,59.03053
374,64.50107
375,69.59789
376,76.83218
377,82.07076
378,88.42524
379,94.64702
380,100.53546
381,102.92549
382,105.66429
383,107.98625
384,109.51115
385,110.66503
386,111.75344
387,112.49843
388,111.66565
389,112.05371
390,112.94775
391,113.27655
392,114.02211
393,113.85919
394,114.27373
395,115.34771
396,115.66963
397,116.056
398,115.15142
399,114.82292
400,114.61856
401,113.94537
402,113.13049
403,112.35376
404,111.28851
405,110.95346
406,110.58158
407,110.6892
408,110.43839
409,110.51616
410,110.55449
411,110.42975
412,110.28054
413,110.42018
414,110.14308
415,110.03463
416,109.90685
417,110.09141
418,110.11068
419,109.95969
420,110.03515
421,109.73342
422,109.80775
423,109.81245
424,109.86554
425,109.73936
426,109.12896
427,108.56903
428,107.94822
429,107.89134
430,107.9287
431,108.2094
432,107.98665
433,107.59376
434,107.52696
435,107.63826
436,107.33691
437,107.15397
438,106.98472
439,106.56525
440,105.7739
441,105.61007
442,105.48584
443,105.2756
444,104.96821
445,104.98086
446,105.04473
447,104.77044
448,104.91126
449,104.87836
450,104.60218
451,104.52439
452,104.37082
453,104.53662
454,104.40585
455,104.14914
456,104.09278
457,104.04962
458,104.08736
459,103.86715
460,103.66024
461,103.45855
462,103.03763
463,103.0122
464,102.87342
465,102.85104
466,102.54401
467,102.34093
468,102.41476
469,102.58069
470,102.41194
471,102.46102
472,102.32033
473,102.31445
474,102.22388
475,102.36047
476,102.28751
477,102.26446
478,102.07413
479,102.18795
480,102.15891
481,102.09305
482,102.14927
483,102.04895
484,101.80573
485,101.64633
486,101.57159
487,101.57363
488,101.54313
489,101.47367
490,101.4134
491,101.43756
492,101.32566
493,101.35715
494,101.57798
495,101.48723
496,101.32429
497,101.30378
498,101.19839
499,101.347
500,101.16858
501,101.2359
502,101.22224
503,100.94469
504,101.02884
505,101.05361
506,100.97955
507,100.85947
508,100.69544
509,100.69028
510,100.57593
511,100.487
512,100.51529
513,100.46259
514,100.54274
515,100.52909
516,100.50029
517,100.49561
518,100.48291
519,100.62596
520,100.65351
521,100.6267
522,100.47133
523,100.2511
524,100.00693
525,99.89607
526,99.7111
527,99.32905
528,98.55173
529,97.71403
530,96.6402
531,95.09576
532,92.84114
533,89.71742
534,85.08889
535,78.67858
536,70.84685
537,62.12965
538,53.00311
539,43.86288
540,35.19931
541,27.35767
542,20.8892
543,16.57553
544,14.93753
545,16.05951
546,19.4743
547,24.65957
548,31.03393
549,38.13559
550,46.03977
551,54.06453
552,61.55936
553,68.05946
554,73.40344
555,77.53667
556,80.6433
557,83.08328
558,85.16773
559,86.65204
560,87.59052
561,88.48835
562,89.20644
563,89.96676
564,90.59394
565,91.06106
566,91.53138
567,91.8807
568,92.19325
569,92.4865
570,92.95381
571,93.32714
572,93.59306
573,93.79609
574,94.11496
575,94.29362
576,94.35935
577,94.47475
578,94.6582
579,94.59085
580,94.71854
581,94.80822
582,95.04051
583,95.08635
584,95.13621
585,95.25129
586,95.23143
587,95.3673
588,95.49051
589,95.53562
590,95.58797
591,95.67621
592,95.89723
593,96.00981
594,96.11981
595,96.21835
596,96.3812
597,96.36228
598,96.40891
599,96.4303
600,96.40303
601,96.43855
602,96.50903
603,96.45012
604,96.52032
605,96.50935
606,96.81273
607,97.0918
608,97.22176
609,97.19182
610,96.99744
611,97.16696
612,97.36694
613,97.39911
614,97.41377
615,97.28995
616,97.09284
617,97.03392
618,97.18123
619,97.29375
620,97.11767
621,96.96854
622,97.14301
623,97.08444
624,97.03785
625,97.15511
626,97.33937
627,97.21992
628,97.34129
629,97.38139
630,97.46647
631,97.45425
632,97.55784
633,97.55875
634,97.38445
635,97.31783
636,97.43254
637,97.59043
638,97.68414
639,97.8756
640,97.90048
641,97.86015
642,98.06477
643,98.21815
644,98.23734
645,98.24193
646,97.95503
647,97.91273
648,97.8968
649,97.803
650,97.95247
651,97.64202
652,97.70763
653,97.67189
654,97.75826
655,97.98594
656,98.09701
657,98.0097
658,97.84281
659,97.66899
660,97.88741
661,97.88899
662,97.79107
663,97.65201
664,97.49498
665,97.53969
666,97.39598
667,97.78375
668,98.03631
669,98.23728
670,98.38564
671,98.67205
672,98.78893
673,98.97627
674,99.03294
675,99.23813
676,99.03962
677,98.92851
678,98.97057
679,98.96023
680,98.81848
681,98.98416
682,99.14052
683,99.06985
684,99.12719
685,99.30537
686,99.51611
687,99.56022
688,99.60122
689,99.7687
690,99.85244
691,99.6077
692,99.66085
693,99.65928
694,99.68293
695,99.5797
696,99.40953
697,99.28471
698,99.31515
699,99.27442
700,99.56497
701,99.75952
702,99.97113
703,100.05667
704,99.95023
705,99.98387
706,100.12164
707,100.01207
708,99.80485
709,99.74743
710,99.91632
711,99.99234
712,99.98737
713,100.16249
714,100.39754
715,100.37802
716,100.60756
717,100.86895
718,100.73016
719,100.39738
720,100.3304
721,100.73178
722,100.8579
723,100.70217
724,100.97203
725,100.82954
726,100.87392
727,101.23847
728,101.3845
729,101.50731
730,101.23456
731,101.28372
732,101.28972
733,101.08737
734,101.23891
735,101.25501
736,101.18931
737,101.29619
738,101.46776
739,101.48376
740,101.75871
741,102.0153
742,102.35442
743,102.43778
744,102.55998
745,102.76565
746,102.63843
747,102.71546
748,102.80732
749,102.62437
750,102.90674
751,102.87466
752,103.00484
753,103.10802
754,103.09511
755,103.52967
756,103.70407
757,103.75142
758,103.94202
759,103.52687
760,103.68122
761,103.85893
762,103.97858
763,104.34309
764,104.50664
765,104.27334
766,104.43701
767,104.90186
768,105.38862
769,105.34836
770,105.62333
771,105.75623
772,105.45406
773,105.34027
774,104.99617
775,105.39687
776,105.33441
777,105.06976
778,105.24526
779,105.09519
780,105.1158
781,105.16488
782,105.35014
783,105.90423
784,105.65735
785,105.61504
786,106.02483
787,106.18035
788,106.36739
789,106.48824
790,106.83388
791,106.67133
792,106.81988
793,106.95222
794,107.03654
795,107.27435
796,107.48428
797,107.38381
798,107.3259
799,107.43241
800,107.8185
801,107.85089
802,108.44114
803,108.79371
804,108.83139
805,108.57936
806,108.79732
807,109.02938
808,109.0863
809,109.22042
810,109.25325
811,108.85783
812,108.7698
813,109.12161
814,109.32196
815,109.27663
816,109.33677
817,109.52963
818,109.42952
819,109.64196
820,109.87948
821,109.67153
822,109.39857
823,109.80538
824,110.07597
825,110.40119
826,110.13816
827,110.46648
828,110.86379
829,110.92683
830,111.16934
831,111.17471
832,111.11932
833,111.21568
834,111.15131
835,111.38146
836,111.39719
837,110.92749
838,110.72745
839,110.69038
840,110.99316
841,110.89573
842,110.70443
843,111.08383
844,110.95952
845,110.50964
846,110.35326
847,110.2257
848,110.18414
849,110.03882
850,109.76707
851,109.88058
852,109.52691
853,109.92682
854,110.28939
855,110.51841
856,110.57227
857,110.79319
858,110.77951
859,110.94505
860,110.97404
861,110.90988
862,110.40798
863,110.47869
864,110.43901
865,110.50829
866,110.19754
867,109.74937
868,109.97621
869,109.74293
870,109.42222
871,109.64798
872,109.3164
873,109.28844
874,109.41811
875,109.0994
876,109.36927
877,108.88587
878,108.90773
879,109.18807
880,108.50398
881,107.746
882,107.32082
883,106.31584
884,106.12943
885,105.73474
886,105.6499
887,105.73833
888,105.27608
889,105.66597
890,105.86635
891,105.79229
892,106.29995
893,106.61794
894,106.07285
895,105.68106
896,105.14515
897,104.68572
898,104.65294
899,104.72256
900,104.67225
901,104.50805
902,103.97005
903,103.95439
904,103.67015
905,103.79158
906,103.89053
907,103.6085
908,103.26784
909,103.20193
910,103.02733
911,103.24852
912,103.46747
913,103.59867
914,103.16769
915,103.27115
916,103.1089
917,102.83841
918,102.38629
919,102.18996
920,102.29669
921,102.18432
922,102.20743
923,101.83403
924,101.63046
925,101.37103
926,101.50583
927,101.62332
928,101.30631
929,100.68501
930,100.65632
931,100.49202
932,100.85964
933,100.75948
934,100.72069
935,101.00102
936,100.93913
937,101.35834
938,101.76379
939,102.26703
940,102.6526
941,103.57924
942,104.60239
943,105.85562
944,105.89057
945,105.49792
946,105.41578
947,105.11037
948,104.39083
949,103.36216
950,103.6779
951,102.88837
952,102.13467
953,101.59683
954,101.55134
955,101.32655
956,101.3663
957,100.92926
958,101.35515
959,100.72747
960,100.86344
961,100.6877
962,101.15853
963,101.34768
964,101.72415
965,102.16933
966,102.95157
967,102.74496
968,102.98544
969,102.59918
970,102.54227
971,102.09784
972,101.7066
973,100.94158
974,100.9524
975,100.24004
976,100.13593
977,99.67597
978,100.15056
979,100.00571
980,100.41822
981,101.11316
982,101.17004
983,100.82164
984,100.89935
985,100.51709
986,100.18274
987,99.99403
988,100.67011
989,100.05277
990,99.24374
991,99.89888
992,99.3053
993,99.71836
994,99.96681
995,100.5118
996,100.18718
997,99.51686
998,99.694
999,100.77164
1000,100.08452
