
l,I
350,100
351,0
352,11.76908
353,35.83409
354,43.75388
355,23.01117
356,25.17909
357,25.22042
358,25.26294
359,24.87532
360,22.81114
361,21.16459
362,15.62243
363,13.32025
364,11.29446
365,10.00439
366,7.79194
367,4.39321
368,3.71098
369,2.90807
370,-0.64744
371,0.09037
372,0.02765
373,2.18462
374,2.6823
375,3.59842
376,5.23396
377,4.3408
378,3.85461
379,4.35906
380,3.99082
381,3.36151
382,2.38896
383,2.09737
384,1.6044
385,1.07418
386,0.75487
387,1.04536
388,1.21935
389,1.22601
390,1.51269
391,1.97994
392,1.83467
393,2.03763
394,1.73997
395,2.00429
396,2.18156
397,2.37457
398,1.85712
399,1.48719
400,1.45729
401,1.50397
402,1.22327
403,1.14593
404,0.91328
405,0.85525
406,0.52693
407,0.31946
408,0.41091
409,-0.01581
410,-0.2832
411,-0.3354
412,-0.41928
413,-0.12571
414,-0.17644
415,-0.13301
416,0.06076
417,-0.00831
418,0.24456
419,0.33289
420,0.4406
421,0.59714
422,0.52534
423,0.47561
424,0.54136
425,0.5818
426,0.5251
427,0.40872
428,0.47832
429,0.46857
430,0.4591
431,0.93705
432,1.11459
433,1.05906
434,1.10794
435,1.17672
436,1.19779
437,1.10816
438,1.11865
439,1.07816
440,0.69342
441,0.61558
442,0.56018
443,0.45463
444,0.41716
445,0.41096
446,0.46859
447,0.47968
448,0.53786
449,0.62278
450,0.60941
451,0.7029
452,0.84841
453,0.85911
454,0.90396
455,1.03775
456,1.13238
457,1.25589
458,1.37324
459,1.62644
460,1.85819
461,2.25442
462,2.80938
463,3.40963
464,4.05872
465,4.90143
466,5.87547
467,7.04411
468,8.28286
469,9.67312
470,11.13947
471,12.58709
472,14.15667
473,15.70397
474,17.24199
475,18.69165
476,20.01458
477,21.30669
478,22.49848
479,23.52083
480,24.55854
481,25.50519
482,26.31832
483,27.05489
484,27.74889
485,28.37142
486,28.95365
487,29.54901
488,30.11863
489,30.64709
490,31.12178
491,31.74532
492,32.3186
493,32.94746
494,33.62626
495,34.34854
496,35.07677
497,35.82312
498,36.57114
499,37.34506
500,37.91681
501,38.44324
502,38.77633
503,38.96994
504,38.86009
505,38.44944
506,37.69231
507,36.58248
508,35.11643
509,33.41804
510,31.48023
511,29.38315
512,27.063
513,24.74767
514,22.43204
515,20.19493
516,18.10353
517,16.16118
518,14.38641
519,12.75103
520,11.25746
521,9.97054
522,8.83108
523,7.84805
524,6.98533
525,6.22344
526,5.53905
527,4.93109
528,4.41307
529,3.95839
530,3.55661
531,3.20289
532,2.88992
533,2.60381
534,2.39219
535,2.21016
536,2.0919
537,2.03268
538,1.98799
539,1.93743
540,1.88428
541,1.94712
542,1.99125
543,1.94688
544,1.89147
545,1.7815
546,1.62677
547,1.48013
548,1.36746
549,1.25394
550,1.03437
551,0.86692
552,0.76444
553,0.67645
554,0.61459
555,0.55789
556,0.51131
557,0.48256
558,0.45393
559,0.42546
560,0.40342
561,0.38271
562,0.35313
563,0.35534
564,0.34177
565,0.32428
566,0.30658
567,0.29185
568,0.29662
569,0.28111
570,0.26639
571,0.26453
572,0.25545
573,0.24722
574,0.25765
575,0.26068
576,0.26611
577,0.2653
578,0.27763
579,0.29978
580,0.29925
581,0.29627
582,0.31021
583,0.31629
584,0.3108
585,0.30344
586,0.30184
587,0.28532
588,0.27042
589,0.2742
590,0.26094
591,0.2334
592,0.20804
593,0.21469
594,0.20804
595,0.20113
596,0.19601
597,0.18639
598,0.17106
599,0.16925
600,0.17384
601,0.18054
602,0.14219
603,0.14432
604,0.15475
605,0.16929
606,0.24188
607,0.35064
608,0.41532
609,0.44543
610,0.46095
611,0.49863
612,0.49619
613,0.47812
614,0.45834
615,0.39225
616,0.2855
617,0.22986
618,0.21367
619,0.1933
620,0.17161
621,0.16901
622,0.17956
623,0.19631
624,0.18817
625,0.19314
626,0.19381
627,0.18907
628,0.19645
629,0.19526
630,0.1841
631,0.17945
632,0.16204
633,0.15954
634,0.15572
635,0.14651
636,0.13807
637,0.12629
638,0.11513
639,0.11813
640,0.1075
641,0.11443
642,0.10179
643,0.09908
644,0.092
645,0.0904
646,0.09299
647,0.10682
648,0.09843
649,0.10532
650,0.10095
651,0.1036
652,0.11109
653,0.11618
654,0.11876
655,0.10835
656,0.09957
657,0.10398
658,0.11205
659,0.11573
660,0.13059
661,0.12709
662,0.12941
663,0.13437
664,0.15249
665,0.16247
666,0.17905
667,0.15512
668,0.14966
669,0.13997
670,0.14672
671,0.14251
672,0.13377
673,0.13256
674,0.12564
675,0.12192
676,0.13513
677,0.12025
678,0.12366
679,0.12136
680,0.13529
681,0.13684
682,0.13113
683,0.11698
684,0.12132
685,0.12059
686,0.13353
687,0.13007
688,0.11288
689,0.09816
690,0.1017
691,0.06888
692,0.08102
693,0.0821
694,0.07831
695,0.07792
696,0.06383
697,0.07627
698,0.05992
699,0.05496
700,0.07939
701,0.07067
702,0.05706
703,0.05163
704,0.06241
705,0.08645
706,0.08228
707,0.10362
708,0.10308
709,0.09359
710,0.10756
711,0.085
712,0.08571
713,0.06815
714,0.05716
715,0.03112
716,0.00349
717,-0.01487
718,0.00901
719,-0.00728
720,0.0151
721,0.0196
722,0.02218
723,0.03003
724,0.05284
725,0.08581
726,0.10983
727,0.07678
728,0.09166
729,0.07862
730,0.06437
731,0.05858
732,0.0484
733,0.03784
734,0.016
735,-0.00152
736,0.00163
737,-0.01993
738,-0.00816
739,0.00739
740,0.00652
741,0.02058
742,0.03288
743,0.02421
744,0.0489
745,0.04697
746,0.0504
747,0.04077
748,0.03615
749,0.05806
750,0.06314
751,0.04631
752,0.03365
753,0.01691
754,0.05452
755,0.06454
756,0.09644
757,0.08875
758,0.07854
759,0.03967
760,0.06595
761,0.0921
762,0.09218
763,0.07746
764,0.07579
765,0.0408
766,0.05688
767,0.05041
768,0.08614
769,0.08756
770,0.08414
771,0.0811
772,0.07176
773,0.04767
774,0.03714
775,0.04055
776,0.01226
777,-0.01263
778,-0.04862
779,-0.04866
780,-0.05153
781,-0.0402
782,-0.03347
783,-0.00618
784,0.02579
785,0.06311
786,0.07031
787,0.09516
788,0.102
789,0.11108
790,0.11894
791,0.11925
792,0.13352
793,0.09183
794,0.07286
795,0.08256
796,0.05805
797,0.05327
798,0.03016
799,0.01713
800,0.06968
801,0.06008
802,0.08283
803,0.08993
804,0.07966
805,0.08864
806,0.1111
807,0.11916
808,0.08582
809,0.07889
810,0.08835
811,0.07483
812,0.10808
813,0.10481
814,0.1109
815,0.08103
816,0.05757
817,0.10691
818,0.09648
819,0.08284
820,0.11413
821,0.09109
822,0.08743
823,0.10117
824,0.13962
825,0.19121
826,0.1678
827,0.16233
828,0.15749
829,0.12624
830,0.12238
831,0.17514
832,0.18092
833,0.15689
834,0.10083
835,0.08175
836,0.07582
837,0.08262
838,0.05523
839,0.06431
840,0.03608
841,0.00794
842,0.01608
843,0.08689
844,0.10872
845,0.09914
846,0.0682
847,0.08986
848,0.02341
849,-0.02179
850,-0.00311
851,-0.05076
852,-0.12849
853,-0.12571
854,-0.09345
855,-0.05859
856,-0.02561
857,0.03557
858,0.04296
859,0.0751
860,0.0551
861,0.12145
862,0.19044
863,0.14764
864,0.1438
865,0.11405
866,0.10662
867,0.18779
868,0.17712
869,0.23925
870,0.282
871,0.22058
872,0.2478
873,0.21798
874,0.2076
875,0.22686
876,0.13317
877,0.07892
878,0.0844
879,0.02311
880,0.02082
881,-0.0081
882,0.02522
883,0.09115
884,0.08085
885,0.09433
886,0.13616
887,0.09948
888,0.01346
889,0.08577
890,0.13106
891,0.09464
892,0.00972
893,0.04419
894,0.02458
895,0.0747
896,0.14786
897,0.23707
898,0.15242
899,0.09426
900,0.14073
901,0.14511
902,0.0734
903,0.20929
904,0.18033
905,0.19444
906,0.16861
907,0.25939
908,0.33509
909,0.28839
910,0.38898
911,0.45866
912,0.32857
913,0.36391
914,0.40858
915,0.40266
916,0.33262
917,0.39536
918,0.50796
919,0.52175
920,0.54717
921,0.70236
922,0.70282
923,0.81047
924,1.02586
925,1.04732
926,1.0307
927,1.03882
928,1.00473
929,1.1234
930,1.12407
931,1.23804
932,1.05702
933,1.11364
934,1.322
935,1.42699
936,1.60442
937,1.89585
938,1.86907
939,2.07052
940,2.09624
941,2.59969
942,2.68517
943,2.94513
944,3.03162
945,3.14312
946,3.12869
947,3.30227
948,3.39593
949,3.57705
950,3.74185
951,3.97267
952,4.08078
953,4.64217
954,4.99166
955,5.31571
956,5.96162
957,6.50554
958,7.08882
959,7.37824
960,7.51246
961,7.83371
962,7.67651
963,8.04063
964,8.2682
965,8.16562
966,8.21499
967,8.1198
968,7.86528
969,8.10713
970,7.9828
971,8.19402
972,7.81154
973,8.12814
974,8.02427
975,7.708
976,7.62173
977,7.89426
978,7.67628
979,7.96821
980,7.98693
981,8.18361
982,7.46342
983,7.46114
984,7.43288
985,7.57063
986,7.3533
987,7.55359
988,7.2009
989,6.97618
990,7.07161
991,7.36079
992,7.98765
993,8.22993
994,8.33317
995,8.23791
996,7.90921
997,8.02552
998,8.35257
999,8.1982
1000,8.24105
